date,open,low,high,close,volume,changeClosePercent
2025-10-17 15:59:00,514.14,513.29,514.24,513.72,352373,-0.08946283402697652
2025-10-17 15:58:00,513.96,513.71,514.18,514.18,149293,0.04085841586083383
2025-10-17 15:57:00,513.57,513.5,514.02,513.97,204687,0.0720404984423606
2025-10-17 15:56:00,513.67,513.5,513.86,513.6,108275,-0.015573898146692411
2025-10-17 15:55:00,514.11,513.32,514.2,513.68,163186,-0.08752650107950455
2025-10-17 15:54:00,514.28,513.93,514.64,514.13,92385,-0.03499834730025242
2025-10-17 15:53:00,514.0,513.99,514.41,514.31,45956,0.04668624895440843
2025-10-17 15:52:00,514.21,514.07,514.24,514.07,80598,-0.03111448184663912
2025-10-17 15:51:00,514.24,514.17,514.33,514.23,60344,-0.009722330248107536
2025-10-17 15:50:00,514.43,514.23,514.54,514.28,39458,-0.040817119866287666
2025-10-17 15:49:00,514.37,514.31,514.5,514.49,27985,0.015551797204582662
2025-10-17 15:48:00,514.28,514.28,514.46,514.41,18866,0.033058494088344936
2025-10-17 15:47:00,514.22,514.19,514.3,514.24,19778,0.003889385865973871
2025-10-17 15:46:00,514.25,514.18,514.3,514.22,15660,-0.0019446551154156388
2025-10-17 15:45:00,514.35,514.19,514.43,514.23,22426,-0.005833625014584065
2025-10-17 15:44:00,514.36,514.26,514.36,514.26,13483,-0.021385384062055923
2025-10-17 15:43:00,514.54,514.28,514.59,514.37,19866,-0.03886740385177223
2025-10-17 15:42:00,514.66,514.57,514.77,514.57,19397,-0.019429925971969908
2025-10-17 15:41:00,514.66,514.63,514.79,514.67,20861,0.003886136209074742
2025-10-17 15:40:00,514.89,514.63,515.0,514.65,15277,-0.052435329759958904
2025-10-17 15:39:00,514.9,514.8,514.92,514.92,13948,0.0
2025-10-17 15:38:00,514.78,514.69,514.99,514.92,119554,0.02719608376393623
2025-10-17 15:37:00,514.82,514.77,514.89,514.78,123865,0.0019426151485202325
2025-10-17 15:36:00,514.9,514.77,514.9,514.77,24226,-0.029130738755533958
2025-10-17 15:35:00,514.9,514.86,515.02,514.92,22151,0.02719608376393623
2025-10-17 15:34:00,514.74,514.67,514.88,514.78,42189,0.017486253861531686
2025-10-17 15:33:00,514.35,514.31,514.69,514.69,19523,0.06415739948675281
2025-10-17 15:32:00,514.47,514.36,514.6,514.36,20360,-0.009719873252844735
2025-10-17 15:31:00,514.67,514.4,514.72,514.41,17537,-0.052459780834690495
2025-10-17 15:30:00,515.17,514.68,515.17,514.68,31137,-0.1028706740940799
2025-10-17 15:29:00,515.24,515.17,515.3,515.21,13801,-0.013584847073422335
2025-10-17 15:28:00,515.33,515.22,515.45,515.28,16458,-0.009702520714893748
2025-10-17 15:27:00,515.3,515.24,515.38,515.33,27329,0.003881158914076366
2025-10-17 15:26:00,515.16,515.16,515.31,515.31,25742,0.03494263583949664
2025-10-17 15:25:00,515.4,515.12,515.43,515.13,20045,-0.05432568246638292
2025-10-17 15:24:00,515.35,515.35,515.47,515.41,26466,0.019405794570270807
2025-10-17 15:23:00,515.28,515.28,515.43,515.31,17614,0.0038813095538436926
2025-10-17 15:22:00,515.35,515.24,515.37,515.29,21888,-0.007762016571921659
2025-10-17 15:21:00,514.93,514.93,515.33,515.33,47276,0.07185024079541247
2025-10-17 15:20:00,514.84,514.77,514.96,514.96,18595,0.02719397070820584
2025-10-17 15:19:00,514.77,514.77,514.91,514.82,17428,0.015541826941767312
2025-10-17 15:18:00,514.86,514.74,514.97,514.74,12605,-0.029132436054302158
2025-10-17 15:17:00,515.04,514.87,515.04,514.89,21214,-0.033005863394552915
2025-10-17 15:16:00,515.0,514.94,515.09,515.06,18155,0.011650485436875968
2025-10-17 15:15:00,515.22,515.0,515.24,515.0,27377,-0.03687959781829564
2025-10-17 15:14:00,515.06,515.05,515.21,515.19,16015,0.04077828265176553
2025-10-17 15:13:00,515.13,514.98,515.21,514.98,18910,-0.03105951780097982
2025-10-17 15:12:00,515.22,515.03,515.31,515.14,27610,-0.02328921321275157
2025-10-17 15:11:00,514.77,514.77,515.27,515.26,26627,0.08935508935510317
2025-10-17 15:10:00,514.99,514.74,515.01,514.8,22743,-0.03689392027030891
2025-10-17 15:09:00,514.68,514.64,515.0,514.99,22704,0.06217576311036144
2025-10-17 15:08:00,514.62,514.5,514.67,514.67,11222,-0.003885834191474924
2025-10-17 15:07:00,514.8,514.69,514.8,514.69,13105,-0.009713641838593468
2025-10-17 15:06:00,514.89,514.71,514.9,514.74,12739,-0.03107399495047014
2025-10-17 15:05:00,514.91,514.86,514.93,514.9,25071,-0.0038840985007393414
2025-10-17 15:04:00,514.73,514.7,514.97,514.92,9810,0.029139227227692466
2025-10-17 15:03:00,514.72,514.68,514.86,514.77,11247,0.013600155430326666
2025-10-17 15:02:00,514.68,514.64,514.92,514.7,14826,0.009715340522697957
2025-10-17 15:01:00,514.42,514.42,514.71,514.65,14084,0.05054530609069907
2025-10-17 15:00:00,514.36,514.35,514.62,514.39,21353,0.0038882516476324014
2025-10-17 14:59:00,514.27,514.27,514.38,514.37,13056,0.023334953816234183
2025-10-17 14:58:00,514.14,514.11,514.33,514.25,17990,0.02334040028786344
2025-10-17 14:57:00,514.1,514.08,514.23,514.13,10533,-0.0019449955265038454
2025-10-17 14:56:00,514.22,514.06,514.25,514.14,12694,-0.02527855017792069
2025-10-17 14:55:00,514.26,514.13,514.3,514.27,20646,0.005833851897940612
2025-10-17 14:54:00,514.39,514.24,514.41,514.24,17134,-0.03110419906686701
2025-10-17 14:53:00,514.39,514.32,514.48,514.4,14124,0.011665435315144634
2025-10-17 14:52:00,514.32,514.22,514.43,514.34,8672,-0.01360782255398485
2025-10-17 14:51:00,514.55,514.36,514.55,514.41,8043,-0.03692188107269345
2025-10-17 14:50:00,514.48,514.41,514.64,514.6,11386,0.01749237138248816
2025-10-17 14:49:00,514.38,514.38,514.54,514.51,9721,0.017495431748382195
2025-10-17 14:48:00,514.41,514.28,514.45,514.42,8986,0.0019439746505645061
2025-10-17 14:47:00,514.59,514.28,514.59,514.41,10960,-0.03692188107269345
2025-10-17 14:46:00,514.76,514.56,514.84,514.6,13176,-0.034966393410762464
2025-10-17 14:45:00,514.49,514.49,514.78,514.78,13378,0.06220114294599455
2025-10-17 14:44:00,514.7,514.46,514.7,514.46,10346,-0.05633802816901179
2025-10-17 14:43:00,514.85,514.67,514.86,514.75,13833,-0.017481159195098517
2025-10-17 14:42:00,514.61,514.61,514.84,514.84,8342,0.04080601597264977
2025-10-17 14:41:00,514.87,514.63,514.93,514.63,12171,-0.052437366478919056
2025-10-17 14:40:00,514.78,514.77,514.96,514.9,10529,0.03302702387659728
2025-10-17 14:39:00,514.99,514.7,514.99,514.73,10641,-0.05824903403683912
2025-10-17 14:38:00,514.84,514.82,515.03,515.03,21149,0.027190273650679053
2025-10-17 14:37:00,514.96,514.89,515.06,514.89,50927,-0.019417852773839783
2025-10-17 14:36:00,514.82,514.79,515.06,514.99,19250,0.03302125014568169
2025-10-17 14:35:00,514.72,514.71,514.83,514.82,9968,0.03108848560215982
2025-10-17 14:34:00,514.41,514.4,514.68,514.66,184586,0.03693121076058237
2025-10-17 14:33:00,514.8,514.43,514.8,514.47,12045,-0.07186698780203837
2025-10-17 14:32:00,514.81,514.62,514.88,514.84,24672,0.009712698381880713
2025-10-17 14:31:00,514.97,514.79,514.97,514.79,14171,-0.03883570554769067
2025-10-17 14:30:00,514.93,514.91,515.1,514.99,16031,0.0019418229834089473
2025-10-17 14:29:00,515.11,514.98,515.15,514.98,11300,-0.02911886319957313
2025-10-17 14:28:00,514.83,514.8,515.18,515.13,20024,0.040783034257763084
2025-10-17 14:27:00,514.82,514.82,515.0,514.92,18112,0.029139227227692466
2025-10-17 14:26:00,514.84,514.75,514.86,514.77,7638,0.0019426528867771964
2025-10-17 14:25:00,514.67,514.55,514.76,514.76,11615,-0.0038851548234131172
2025-10-17 14:24:00,514.81,514.66,514.86,514.78,18220,-0.013596193065956719
2025-10-17 14:23:00,514.94,514.83,515.02,514.85,31780,0.005827279437475852
2025-10-17 14:22:00,514.99,514.82,515.05,514.82,26017,-0.03106916773466528
2025-10-17 14:21:00,515.23,514.91,515.27,514.98,38697,-0.05822077317185759
2025-10-17 14:20:00,514.78,514.77,515.3,515.28,52145,0.09324009324009896
2025-10-17 14:19:00,514.55,514.5,514.86,514.8,160175,0.04469751442950365
2025-10-17 14:18:00,514.41,514.4,514.58,514.57,12278,0.02915905291398513
2025-10-17 14:17:00,514.47,514.41,514.55,514.42,13864,-0.011662260923661627
2025-10-17 14:16:00,514.37,514.36,514.53,514.48,13099,0.036944136576644304
2025-10-17 14:15:00,514.23,514.21,514.56,514.29,18762,0.009723086496560285
2025-10-17 14:14:00,514.11,514.11,514.29,514.24,21591,0.0369613850792927
2025-10-17 14:13:00,514.3,513.97,514.33,514.05,30634,-0.06609770796478509
2025-10-17 14:12:00,514.28,514.23,514.39,514.39,15157,0.021389126545856563
2025-10-17 14:11:00,514.28,514.22,514.36,514.28,12059,0.0077784691972615505
2025-10-17 14:10:00,514.12,514.12,514.37,514.24,20484,0.017504619274544275
2025-10-17 14:09:00,514.25,514.08,514.25,514.15,7746,-0.009723842862707777
2025-10-17 14:08:00,513.9,513.9,514.29,514.2,15199,0.06421857668281739
2025-10-17 14:07:00,513.93,513.85,514.04,513.87,11838,0.015570563849043317
2025-10-17 14:06:00,514.05,513.57,514.06,513.79,20403,-0.052523051783837094
2025-10-17 14:05:00,513.7,513.7,514.06,514.06,20608,0.07202787673497024
2025-10-17 14:04:00,513.61,513.61,513.73,513.69,8234,0.013628752774441644
2025-10-17 14:03:00,513.67,513.6,513.75,513.62,13518,0.0
2025-10-17 14:02:00,513.37,513.37,513.77,513.62,17094,0.056493873336838085
2025-10-17 14:01:00,513.48,513.28,513.52,513.33,6748,-0.04478541942517511
2025-10-17 14:00:00,513.19,513.19,513.68,513.56,14254,0.08770049307165184
2025-10-17 13:59:00,513.05,513.05,513.21,513.11,10251,0.017543175704659575
2025-10-17 13:58:00,512.82,512.82,513.05,513.02,13612,0.031197597784959896
2025-10-17 13:57:00,513.02,512.75,513.17,512.86,9286,-0.03508498362699841
2025-10-17 13:56:00,513.07,512.64,513.26,513.04,25458,-0.005847155358940093
2025-10-17 13:55:00,513.18,513.0,513.22,513.07,118096,0.027294172694158902
2025-10-17 13:54:00,512.93,512.86,513.1,512.93,11082,-0.001949545755863813
2025-10-17 13:53:00,512.46,512.46,512.94,512.94,17416,0.0878065913481274
2025-10-17 13:52:00,512.46,512.44,512.71,512.49,12910,0.015612497804506908
2025-10-17 13:51:00,512.48,512.32,512.54,512.41,9438,-0.009756859071941015
2025-10-17 13:50:00,512.04,511.97,512.48,512.46,20861,0.08593414319755244
2025-10-17 13:49:00,511.83,511.78,512.02,512.02,11163,0.037121700564646254
2025-10-17 13:48:00,511.4,511.4,511.89,511.83,314681,0.08995443612256349
2025-10-17 13:47:00,511.26,511.23,511.44,511.37,8119,0.0019555694618311747
2025-10-17 13:46:00,511.45,511.29,511.48,511.36,19407,-0.015642108556235268
2025-10-17 13:45:00,511.64,511.3,511.74,511.44,17865,-0.05471742359103304
2025-10-17 13:44:00,511.8,511.71,511.91,511.72,4734,-0.015631105900737463
2025-10-17 13:43:00,512.01,511.8,512.01,511.8,6074,-0.060533869676437924
2025-10-17 13:42:00,512.23,512.08,512.27,512.11,11447,-0.015619203811090276
2025-10-17 13:41:00,512.33,512.12,512.37,512.19,8184,-0.013664935774793108
2025-10-17 13:40:00,512.38,512.2,512.49,512.26,10163,-0.04487892446681796
2025-10-17 13:39:00,512.32,512.32,512.55,512.49,6543,0.03122987137196276
2025-10-17 13:38:00,512.71,512.31,512.74,512.33,12374,-0.07801376943029625
2025-10-17 13:37:00,512.63,512.63,512.84,512.73,4754,0.025360905189231175
2025-10-17 13:36:00,512.55,512.44,512.62,512.6,12488,0.031223167590344048
2025-10-17 13:35:00,512.31,512.3,512.57,512.44,12328,0.009758192002196076
2025-10-17 13:34:00,512.2,512.2,512.39,512.39,11201,0.06249145624619423
2025-10-17 13:33:00,511.84,511.8,512.17,512.07,13534,0.06253053248657103
2025-10-17 13:32:00,511.88,511.71,512.06,511.75,14784,0.0
2025-10-17 13:31:00,511.59,511.59,511.82,511.75,9047,0.029319781078962492
2025-10-17 13:30:00,511.75,511.6,511.95,511.6,11139,-0.027357642552860995
2025-10-17 13:29:00,511.73,511.69,511.84,511.74,270,0.013680692633921687
2025-10-17 13:28:00,511.84,511.67,511.84,511.67,4839,-0.023447116981578642
2025-10-17 13:27:00,511.71,511.7,511.93,511.79,7468,-0.0019538882375935707
2025-10-17 13:26:00,511.71,511.66,511.8,511.8,4713,0.037137663454589465
2025-10-17 13:25:00,511.84,511.61,511.88,511.61,18635,-0.03517067547236241
2025-10-17 13:24:00,511.85,511.61,511.85,511.79,17207,-0.01953544706869703
2025-10-17 13:23:00,512.01,511.88,512.17,511.89,17531,-0.003906936766240321
2025-10-17 13:22:00,511.52,511.52,511.95,511.91,13190,0.09385448643999261
2025-10-17 13:21:00,511.98,511.43,512.03,511.43,7287,-0.10157241918156146
2025-10-17 13:20:00,511.67,511.59,511.97,511.95,16772,0.04494645509263151
2025-10-17 13:19:00,511.7,511.55,511.72,511.72,9814,-0.0039082346504071275
2025-10-17 13:18:00,511.84,511.7,511.89,511.74,8652,-0.039067078173216085
2025-10-17 13:17:00,511.99,511.88,512.09,511.94,8331,-0.0039065551996175785
2025-10-17 13:16:00,512.18,511.79,512.26,511.96,16303,-0.04295364910772426
2025-10-17 13:15:00,512.43,512.18,512.43,512.18,7370,-0.048787151415807806
2025-10-17 13:14:00,512.37,512.27,512.46,512.43,59962,0.0078065536017524195
2025-10-17 13:13:00,512.38,512.38,512.66,512.39,9593,0.009759144318222113
2025-10-17 13:12:00,512.19,512.16,512.37,512.34,7377,0.05077331666927254
2025-10-17 13:11:00,512.31,511.98,512.31,512.08,8256,-0.037089815917379365
2025-10-17 13:10:00,512.4,512.27,512.55,512.27,11912,-0.023419660805246156
2025-10-17 13:09:00,512.4,512.14,512.4,512.39,14460,0.011711201764486034
2025-10-17 13:08:00,512.51,512.33,512.61,512.33,9484,-0.06047128589262707
2025-10-17 13:07:00,512.8,512.64,512.8,512.64,6672,-0.04289669695434206
2025-10-17 13:06:00,512.65,512.59,512.86,512.86,7974,0.05072181037846235
2025-10-17 13:05:00,512.53,512.44,512.66,512.6,8202,0.009755145839451806
2025-10-17 13:04:00,512.68,512.4,512.68,512.55,13457,-0.042904226066275974
2025-10-17 13:03:00,512.82,512.75,512.84,512.77,11739,-0.013649481319721879
2025-10-17 13:02:00,513.03,512.82,513.03,512.84,3523,-0.04677633117642355
2025-10-17 13:01:00,513.16,513.08,513.3,513.08,15146,-0.013641235506178795
2025-10-17 13:00:00,513.14,512.85,513.15,513.15,12357,-0.00779438414624245
2025-10-17 12:59:00,513.2,513.06,513.2,513.19,11055,-0.013638311966635008
2025-10-17 12:58:00,512.91,512.91,513.28,513.26,11731,0.06823809245286583
2025-10-17 12:57:00,512.75,512.74,513.03,512.91,21688,0.0565721196988056
2025-10-17 12:56:00,512.86,512.59,512.86,512.62,10350,-0.03120246499472845
2025-10-17 12:55:00,512.96,512.78,513.09,512.78,10829,-0.04288499025341119
2025-10-17 12:54:00,513.21,512.99,513.28,513.0,15224,-0.06039235549666344
2025-10-17 12:53:00,513.46,513.2,513.46,513.31,14062,-0.031160535182206406
2025-10-17 12:52:00,513.51,513.19,513.51,513.47,11510,-0.015577840521840969
2025-10-17 12:51:00,514.07,513.53,514.07,513.55,16409,-0.09337976382701729
2025-10-17 12:50:00,513.85,513.81,514.34,514.03,349475,0.03697649073639564
2025-10-17 12:49:00,513.7,513.6,513.85,513.84,16402,0.005838734162444403
2025-10-17 12:48:00,513.23,513.23,513.81,513.81,23450,0.11886204208884088
2025-10-17 12:47:00,513.14,513.09,513.3,513.2,12190,0.013641767193517396
2025-10-17 12:46:00,512.71,512.7,513.13,513.13,12131,0.07020691538117685
2025-10-17 12:45:00,513.13,512.71,513.13,512.77,15693,-0.07210507853607773
2025-10-17 12:44:00,513.18,512.98,513.18,513.14,12798,0.003897723729329172
2025-10-17 12:43:00,513.2,513.12,513.29,513.12,9950,-0.0019488238847786832
2025-10-17 12:42:00,513.15,513.09,513.46,513.13,49334,0.0038977996920763758
2025-10-17 12:41:00,513.51,513.11,513.55,513.11,17783,-0.07205733426812744
2025-10-17 12:40:00,513.48,513.31,513.48,513.48,7304,0.009738425880856383
2025-10-17 12:39:00,513.42,513.42,513.63,513.43,5970,0.0175322398410227
2025-10-17 12:38:00,513.55,513.27,513.61,513.34,10944,-0.0525690699168635
2025-10-17 12:37:00,513.43,513.39,513.72,513.61,16039,0.031161748953145718
2025-10-17 12:36:00,513.13,513.09,513.49,513.45,18870,0.06431244153415339
2025-10-17 12:35:00,513.4,513.09,513.48,513.12,26642,-0.048697820285559246
2025-10-17 12:34:00,513.69,513.37,513.73,513.37,8422,-0.06423982869380174
2025-10-17 12:33:00,513.86,513.66,513.86,513.7,10013,-0.0214086919289036
2025-10-17 12:32:00,513.85,513.72,514.06,513.81,20910,0.0038926409622552782
2025-10-17 12:31:00,514.01,513.79,514.07,513.79,14649,-0.04280072372133681
2025-10-17 12:30:00,513.53,513.5,514.01,514.01,31920,0.10906612133605442
2025-10-17 12:29:00,513.5,513.4,513.64,513.45,10164,-0.025312512169473056
2025-10-17 12:28:00,513.42,513.4,513.59,513.58,18068,0.027267061389846248
2025-10-17 12:27:00,513.12,513.12,513.57,513.44,684812,0.0662638861820275
2025-10-17 12:26:00,513.64,513.1,513.76,513.1,18417,-0.10707680327070035
2025-10-17 12:25:00,513.26,513.26,513.65,513.65,23540,0.06818624586013566
2025-10-17 12:24:00,513.24,513.17,513.32,513.3,18015,-0.0019481404998855645
2025-10-17 12:23:00,513.01,513.01,513.31,513.31,14413,0.06432999337204759
2025-10-17 12:22:00,512.99,512.89,513.16,512.98,23382,0.01169773064026991
2025-10-17 12:21:00,512.92,512.92,513.11,512.92,11789,-0.005848523247897752
2025-10-17 12:20:00,512.7,512.7,513.04,512.95,13182,0.09952384669424941
2025-10-17 12:19:00,512.44,512.25,512.47,512.44,13374,0.0078064012490441925
2025-10-17 12:18:00,512.85,512.36,512.91,512.4,24053,-0.0916411566283859
2025-10-17 12:17:00,513.06,512.87,513.11,512.87,24332,-0.03508429977584493
2025-10-17 12:16:00,513.07,512.82,513.19,513.05,26291,-0.005847041397066821
2025-10-17 12:15:00,512.62,512.59,513.12,513.08,56794,0.09364026531408776
2025-10-17 12:14:00,512.4,512.4,512.67,512.6,15817,0.029271148404719227
2025-10-17 12:13:00,512.43,512.35,512.55,512.45,14643,0.005854572421082338
2025-10-17 12:12:00,512.38,512.3,512.5,512.42,18549,0.0019515622255550369
2025-10-17 12:11:00,512.35,512.28,512.45,512.41,21645,0.00585502947030303
2025-10-17 12:10:00,512.71,512.38,512.74,512.38,14557,-0.07215992198927879
2025-10-17 12:09:00,512.46,512.46,512.75,512.75,17291,0.05658978261717795
2025-10-17 12:08:00,512.51,512.34,512.6,512.46,14996,-0.013657737108063728
2025-10-17 12:07:00,512.66,512.37,512.66,512.53,11299,-0.029258016696565026
2025-10-17 12:06:00,512.32,512.32,512.72,512.68,54502,0.08980516184451393
2025-10-17 12:05:00,512.27,512.22,512.37,512.22,8072,-0.015615850087824512
2025-10-17 12:04:00,512.2,512.19,512.44,512.3,27526,0.027335207747580803
2025-10-17 12:03:00,511.95,511.95,512.2,512.16,31680,0.04883670957784858
2025-10-17 12:02:00,511.87,511.69,511.91,511.91,17811,0.017584306982931786
2025-10-17 12:01:00,511.48,511.42,511.84,511.82,20427,0.07821360134527833
2025-10-17 12:00:00,511.12,511.12,511.5,511.42,36202,0.05869463139771547
2025-10-17 11:59:00,511.46,511.11,511.59,511.12,24187,-0.07429130009775076
2025-10-17 11:58:00,511.48,511.3,511.5,511.5,15484,0.0175984044113342
2025-10-17 11:57:00,511.43,511.34,511.49,511.41,12491,0.0019554165037183324
2025-10-17 11:56:00,511.09,511.06,511.44,511.4,12846,0.05282413476024317
2025-10-17 11:55:00,510.95,510.8,511.24,511.13,14471,0.0528520534001542
2025-10-17 11:54:00,511.03,510.81,511.03,510.86,16808,-0.04109026160799001
2025-10-17 11:53:00,511.05,510.96,511.25,511.07,26793,0.011741453200531105
2025-10-17 11:52:00,510.93,510.8,511.01,511.01,15925,0.017615282235960983
2025-10-17 11:51:00,511.05,510.84,511.14,510.92,20158,-0.033262243440479455
2025-10-17 11:50:00,510.97,510.94,511.25,511.09,44789,0.019569854595968827
2025-10-17 11:49:00,510.95,510.92,511.11,510.99,28768,0.025447284970447903
2025-10-17 11:48:00,510.49,510.48,510.98,510.86,28550,0.06267873232264076
2025-10-17 11:47:00,510.49,510.35,510.61,510.54,17469,0.009794511155947205
2025-10-17 11:46:00,510.29,510.19,510.59,510.49,21137,0.05095741136349474
2025-10-17 11:45:00,510.28,510.1,510.35,510.23,15865,-0.019595163913543878
2025-10-17 11:44:00,510.06,510.06,510.4,510.33,33678,0.041166784286050806
2025-10-17 11:43:00,510.33,509.98,510.36,510.12,47866,-0.05094243504839557
2025-10-17 11:42:00,510.34,510.27,510.52,510.38,22295,0.021557214807854663
2025-10-17 11:41:00,510.32,510.2,510.46,510.27,19879,-0.013716345965431032
2025-10-17 11:40:00,509.93,509.93,510.4,510.34,35494,0.07059100356876513
2025-10-17 11:39:00,509.38,509.38,510.09,509.98,42490,0.13155052914728405
2025-10-17 11:38:00,509.25,508.92,509.38,509.31,23401,0.017674089784369684
2025-10-17 11:37:00,509.0,508.94,509.24,509.22,15904,0.04518752824220762
2025-10-17 11:36:00,509.11,508.68,509.17,508.99,47469,-0.013750834872117146
2025-10-17 11:35:00,509.55,509.06,509.55,509.06,31220,-0.08635917566240936
2025-10-17 11:34:00,509.3,509.3,509.56,509.5,18864,0.047127204178609716
2025-10-17 11:33:00,509.38,509.25,509.49,509.26,15413,-0.017669578875045833
2025-10-17 11:32:00,509.39,509.15,509.64,509.35,29847,-0.005889512740975267
2025-10-17 11:31:00,509.55,509.36,509.63,509.38,23994,-0.04120959987440331
2025-10-17 11:30:00,509.82,509.59,510.0,509.59,23850,-0.04511396179044391
2025-10-17 11:29:00,509.7,509.59,509.83,509.82,37965,0.02943080816999455
2025-10-17 11:28:00,510.25,509.67,510.26,509.67,25520,-0.09017309313311683
2025-10-17 11:27:00,510.6,510.07,510.6,510.13,29994,-0.06856292117223273
2025-10-17 11:26:00,510.26,510.24,510.64,510.48,32289,0.05095841009761237
2025-10-17 11:25:00,510.13,510.07,510.26,510.22,23221,0.019603230612408318
2025-10-17 11:24:00,510.13,510.07,510.45,510.12,21236,0.005881315062050696
2025-10-17 11:23:00,510.21,510.03,510.22,510.09,13756,-0.005880969183724716
2025-10-17 11:22:00,510.01,509.89,510.27,510.12,22856,0.00784190715181765
2025-10-17 11:21:00,510.23,510.02,510.29,510.08,21064,-0.00980142316664434
2025-10-17 11:20:00,510.48,510.1,510.61,510.13,34346,-0.06856292117223273
2025-10-17 11:19:00,510.61,510.25,510.61,510.48,122527,-0.013710704142588792
2025-10-17 11:18:00,510.73,510.37,510.87,510.55,18404,-0.023498541132238593
2025-10-17 11:17:00,510.39,510.39,510.75,510.67,142949,0.04309922617298234
2025-10-17 11:16:00,510.14,510.14,510.46,510.45,14539,0.07057578074458615
2025-10-17 11:15:00,510.06,509.91,510.3,510.09,35093,0.025492195466303436
2025-10-17 11:14:00,510.26,509.96,510.26,509.96,16778,-0.05879355622624427
2025-10-17 11:13:00,510.29,510.23,510.41,510.26,26498,0.001959823615882428
2025-10-17 11:12:00,510.62,510.19,510.62,510.25,22659,-0.07050390709152365
2025-10-17 11:11:00,510.64,510.55,510.86,510.61,30267,-0.03328243079211424
2025-10-17 11:10:00,510.55,510.54,511.12,510.78,31055,0.05876821814760902
2025-10-17 11:09:00,510.8,510.47,510.8,510.48,21274,-0.046992481203012026
2025-10-17 11:08:00,510.81,510.59,510.87,510.72,21245,-0.013704262025493463
2025-10-17 11:07:00,511.09,510.74,511.17,510.79,13931,-0.058698076659680076
2025-10-17 11:06:00,510.76,510.74,511.17,511.09,14074,0.050897558874773985
2025-10-17 11:05:00,510.93,510.65,511.0,510.83,18608,0.005873140172263369
2025-10-17 11:04:00,510.62,510.6,511.0,510.8,9365,0.060725969166885996
2025-10-17 11:03:00,510.96,510.49,511.06,510.49,22998,-0.04894858440693817
2025-10-17 11:02:00,510.08,510.08,510.75,510.74,21719,0.14509803921569642
2025-10-17 11:01:00,509.79,509.73,510.33,510.0,27114,0.03923107100822776
2025-10-17 11:00:00,509.54,509.54,509.8,509.8,11761,0.047099458356236745
2025-10-17 10:59:00,509.44,509.44,509.64,509.56,15275,0.03140950137416887
2025-10-17 10:58:00,509.39,509.02,509.56,509.4,32543,0.0
2025-10-17 10:57:00,509.65,509.4,509.76,509.4,23786,-0.05101440175804273
2025-10-17 10:56:00,509.9,509.53,509.9,509.66,28365,-0.05686832042356427
2025-10-17 10:55:00,510.18,509.95,510.46,509.95,22037,-0.06662877971350678
2025-10-17 10:54:00,510.49,510.29,510.57,510.29,12791,-0.058755557296452654
2025-10-17 10:53:00,510.22,510.19,510.71,510.59,15903,0.08624914240908943
2025-10-17 10:52:00,510.39,510.15,510.61,510.15,19496,-0.05485570989166577
2025-10-17 10:51:00,510.7,510.23,510.7,510.43,20248,-0.06265296133137754
2025-10-17 10:50:00,510.34,510.29,510.83,510.75,18041,0.05681150334992946
2025-10-17 10:49:00,510.57,510.46,510.82,510.46,16986,-0.007835455435856176
2025-10-17 10:48:00,510.56,510.49,510.65,510.5,11550,0.0
2025-10-17 10:47:00,510.44,510.28,510.53,510.5,14007,0.025471716597769145
2025-10-17 10:46:00,510.19,510.19,510.5,510.37,12176,0.06273894716204431
2025-10-17 10:45:00,510.22,509.77,510.29,510.05,41294,-0.05290797930709301
2025-10-17 10:44:00,510.83,510.32,510.85,510.32,11070,-0.13502671180603
2025-10-17 10:43:00,510.95,510.87,511.15,511.01,13325,0.029362251888964686
2025-10-17 10:42:00,510.69,510.58,511.0,510.86,29257,0.04308318972270353
2025-10-17 10:41:00,510.1,509.98,510.65,510.64,243055,0.11960080779562787
2025-10-17 10:40:00,510.18,509.95,510.54,510.03,23091,-0.0372388381482569
2025-10-17 10:39:00,510.6,510.22,510.8,510.22,16255,-0.08616300473895944
2025-10-17 10:38:00,510.93,510.66,511.0,510.66,19121,-0.06653620352250478
2025-10-17 10:37:00,510.71,510.61,511.11,511.0,24727,0.06462098811366168
2025-10-17 10:36:00,510.79,510.5,510.81,510.67,18801,-0.03719218572603156
2025-10-17 10:35:00,511.19,510.56,511.19,510.86,37855,-0.04109026160799001
2025-10-17 10:34:00,511.39,511.01,511.43,511.07,15881,-0.07429856290936954
2025-10-17 10:33:00,511.27,511.11,511.5,511.45,22250,0.03520644669157136
2025-10-17 10:32:00,511.52,511.21,511.52,511.27,19947,-0.021510422777581972
2025-10-17 10:31:00,511.22,511.01,511.51,511.38,60399,0.04303936145237941
2025-10-17 10:30:00,511.41,511.16,511.53,511.16,41592,-0.03129155910193138
2025-10-17 10:29:00,511.57,511.12,511.63,511.32,32653,-0.04105331065625828
2025-10-17 10:28:00,511.95,511.46,511.95,511.53,18852,-0.08594253569546018
2025-10-17 10:27:00,511.7,511.61,512.17,511.97,25386,0.056676047529702345
2025-10-17 10:26:00,511.43,511.42,511.87,511.68,472272,0.04497018281357512
2025-10-17 10:25:00,511.67,511.44,512.0,511.45,28426,-0.044949968730456646
2025-10-17 10:24:00,511.59,511.55,511.92,511.68,74785,0.017592212513939387
2025-10-17 10:23:00,511.77,511.5,512.01,511.59,44926,-0.021496970881373922
2025-10-17 10:22:00,511.55,511.55,512.03,511.7,23420,0.029322646857576906
2025-10-17 10:21:00,512.1,511.22,512.23,511.55,24050,-0.0839876557678032
2025-10-17 10:20:00,511.89,511.6,512.16,511.98,31013,0.03321545104628676
2025-10-17 10:19:00,511.85,511.66,511.87,511.81,14234,-0.007814789489113405
2025-10-17 10:18:00,511.6,511.5,511.85,511.85,18979,0.0684261974584599
2025-10-17 10:17:00,512.52,511.5,512.62,511.5,35190,-0.2126455841900965
2025-10-17 10:16:00,512.52,512.14,512.65,512.59,49687,0.021464252263503347
2025-10-17 10:15:00,512.16,512.09,512.56,512.48,24890,0.06834202253334087
2025-10-17 10:14:00,512.2,512.01,512.4,512.13,29290,-0.001952591088372202
2025-10-17 10:13:00,511.4,511.4,512.2,512.14,34049,0.14274261355857742
2025-10-17 10:12:00,511.29,511.02,511.53,511.41,32915,0.035209201337949025
2025-10-17 10:11:00,510.45,510.39,511.27,511.23,38188,0.16850520210827113
2025-10-17 10:10:00,510.29,510.26,510.65,510.37,28441,0.01175755913072063
2025-10-17 10:09:00,510.74,510.3,510.86,510.31,97230,-0.09397208246050281
2025-10-17 10:08:00,510.87,510.7,511.01,510.79,28776,-0.0019577133907544564
2025-10-17 10:07:00,510.79,510.75,511.03,510.8,243466,-0.003915273481847059
2025-10-17 10:06:00,511.3,510.82,511.42,510.82,34570,-0.11536731780763532
2025-10-17 10:05:00,510.63,510.63,511.5,511.41,40134,0.1664838608586683
2025-10-17 10:04:00,510.85,510.36,511.06,510.56,36575,-0.045028289512327735
2025-10-17 10:03:00,510.68,510.57,510.99,510.79,31557,0.009789716881392074
2025-10-17 10:02:00,510.24,509.99,510.91,510.74,33844,0.1411709344731671
2025-10-17 10:01:00,509.55,509.55,510.2,510.02,32182,0.10009617083079902
2025-10-17 10:00:00,509.98,509.5,510.18,509.51,41302,-0.08628296891851628
2025-10-17 09:59:00,510.44,509.95,510.69,509.95,33551,-0.09990988520157673
2025-10-17 09:58:00,511.19,510.46,511.21,510.46,22031,-0.1349897290423563
2025-10-17 09:57:00,511.56,511.15,511.56,511.15,23583,-0.08210020134097329
2025-10-17 09:56:00,511.42,511.24,511.88,511.57,388410,0.05867741115261893
2025-10-17 09:55:00,511.21,511.14,511.66,511.27,45235,0.011736859607602845
2025-10-17 09:54:00,511.08,511.03,511.41,511.21,42650,0.01565159548451156
2025-10-17 09:53:00,510.41,510.21,511.49,511.13,50617,0.12733113931984175
2025-10-17 09:52:00,509.97,509.89,510.54,510.48,37726,0.09019254146895861
2025-10-17 09:51:00,509.52,509.44,510.11,510.02,28702,0.07652610717578945
2025-10-17 09:50:00,509.31,509.3,509.73,509.63,32295,0.09230890093485655
2025-10-17 09:49:00,509.6,509.16,509.67,509.16,39307,-0.09222377018620609
2025-10-17 09:48:00,508.64,508.58,509.69,509.63,53036,0.22025132249119395
2025-10-17 09:47:00,507.73,507.6,508.6,508.51,43209,0.16348881184997666
2025-10-17 09:46:00,507.71,507.57,508.0,507.68,27644,0.011819865253537287
2025-10-17 09:45:00,507.5,507.39,508.0,507.62,55231,0.007880531147796965
2025-10-17 09:44:00,507.48,507.35,507.78,507.58,54599,0.015763546798019945
2025-10-17 09:43:00,508.34,507.4,508.34,507.5,82054,-0.14756517461879115
2025-10-17 09:42:00,508.36,508.12,508.56,508.25,53938,-0.02163820914312664
2025-10-17 09:41:00,508.68,508.26,509.18,508.36,68840,-0.06683703558089116
2025-10-17 09:40:00,508.45,508.45,508.9,508.7,37639,0.02949562481564527
2025-10-17 09:39:00,508.59,508.25,508.67,508.55,254564,-0.03341720396289327
2025-10-17 09:38:00,509.75,508.6,510.02,508.72,44679,-0.1785609167435087
2025-10-17 09:37:00,508.89,508.62,509.8,509.63,56695,0.17691113164153283
2025-10-17 09:36:00,509.63,508.71,509.88,508.73,42679,-0.19030802432803418
2025-10-17 09:35:00,509.45,509.32,510.2,509.7,373037,0.039254170755631534
2025-10-17 09:34:00,509.82,509.11,509.97,509.5,427056,-0.05100439422472958
2025-10-17 09:33:00,509.58,509.0,509.81,509.76,4089,0.04710315591145431
2025-10-17 09:32:00,509.61,508.99,510.31,509.52,6434,0.013740308175491656
2025-10-17 09:31:00,510.07,508.86,510.25,509.45,46180,-0.10392564414291039
2025-10-17 09:30:00,508.91,508.3,510.9,509.98,1545953,-0.33418671461236116
2025-10-16 15:59:00,511.27,511.08,511.71,511.69,354000,0.08606356968214879
2025-10-16 15:58:00,511.02,511.02,511.34,511.25,157231,0.046965812802102214
2025-10-16 15:57:00,511.32,510.94,511.48,511.01,182245,-0.056718169372194094
2025-10-16 15:56:00,511.49,511.28,511.56,511.3,86426,-0.03128299378249988
2025-10-16 15:55:00,511.35,511.21,512.0,511.46,131628,0.02151168475603704
2025-10-16 15:54:00,510.99,510.98,511.4,511.35,67370,0.07240987905592355
2025-10-16 15:53:00,511.26,510.94,511.44,510.98,67574,-0.05672149744752053
2025-10-16 15:52:00,511.0,510.94,511.37,511.27,44768,0.04500626174075428
2025-10-16 15:51:00,510.93,510.88,511.17,511.04,42687,0.009784927297995516
2025-10-16 15:50:00,510.56,510.54,511.1,510.99,55808,0.033279824595755514
2025-10-16 15:49:00,510.39,510.39,510.82,510.82,34994,0.09013245552158544
2025-10-16 15:48:00,510.31,510.24,510.37,510.36,30731,0.011757789535571384
2025-10-16 15:47:00,510.05,509.94,510.33,510.3,44309,0.05686163016411783
2025-10-16 15:46:00,510.33,509.91,510.36,510.01,41466,-0.07249500372271678
2025-10-16 15:45:00,510.23,510.23,510.52,510.38,32409,0.04116274967167488
2025-10-16 15:44:00,509.99,509.99,510.22,510.17,24703,0.04902729839975084
2025-10-16 15:43:00,510.21,509.91,510.35,509.92,27672,-0.05879816549724248
2025-10-16 15:42:00,509.94,509.92,510.25,510.22,21428,0.045098923508302136
2025-10-16 15:41:00,509.97,509.69,510.04,509.99,36450,0.007843906265314615
2025-10-16 15:40:00,509.56,509.56,509.95,509.95,19302,0.08242890506937606
2025-10-16 15:39:00,509.54,509.3,509.57,509.53,28558,-0.015698279076159505
2025-10-16 15:38:00,509.58,509.4,509.64,509.61,16541,-0.0019622463796498124
2025-10-16 15:37:00,509.76,509.48,509.79,509.62,30035,-0.041190200655116804
2025-10-16 15:36:00,509.53,509.51,509.95,509.83,41651,0.05887778933526544
2025-10-16 15:35:00,509.45,509.25,509.57,509.53,25482,0.02355666359119546
2025-10-16 15:34:00,509.26,509.18,509.48,509.41,26638,0.033383080669224796
2025-10-16 15:33:00,509.2,509.1,509.36,509.24,15916,-0.0058907848488942705
2025-10-16 15:32:00,509.13,509.02,509.3,509.27,22741,0.03928732787239486
2025-10-16 15:31:00,509.43,509.07,509.43,509.07,26135,-0.04712257760499661
2025-10-16 15:30:00,509.5,509.22,509.63,509.31,25112,-0.033367354950153416
2025-10-16 15:29:00,509.35,509.28,509.49,509.48,22006,0.027486551223154798
2025-10-16 15:28:00,509.2,509.2,509.37,509.34,12786,0.029458551817596046
2025-10-16 15:27:00,509.16,509.0,509.2,509.19,24671,0.0
2025-10-16 15:26:00,509.15,509.07,509.27,509.19,16610,0.023572396723436917
2025-10-16 15:25:00,509.41,509.06,509.41,509.07,15442,-0.06478209658421497
2025-10-16 15:24:00,509.04,509.04,509.52,509.4,25943,0.07858546168957314
2025-10-16 15:23:00,509.17,508.98,509.36,509.0,17502,-0.02553375365820232
2025-10-16 15:22:00,508.86,508.67,509.13,509.13,26152,0.06092527809442583
2025-10-16 15:21:00,509.15,508.75,509.15,508.82,54852,-0.06873932085551537
2025-10-16 15:20:00,509.54,509.15,509.59,509.17,19837,-0.07653661982887083
2025-10-16 15:19:00,509.51,509.41,509.65,509.56,22067,0.013739229425513422
2025-10-16 15:18:00,509.36,509.36,509.62,509.49,25593,0.01963132374016574
2025-10-16 15:17:00,509.67,509.3,509.71,509.39,18485,-0.056898446083819554
2025-10-16 15:16:00,509.66,509.56,509.75,509.68,12773,0.003924184750614401
2025-10-16 15:15:00,509.83,509.55,509.92,509.66,23675,-0.02353956608731611
2025-10-16 15:14:00,509.85,509.73,509.96,509.78,18325,-0.009807190632171725
2025-10-16 15:13:00,510.15,509.64,510.15,509.83,35754,-0.07839601748231839
2025-10-16 15:12:00,510.22,510.07,510.3,510.23,17358,0.003919954528530667
2025-10-16 15:11:00,510.69,510.2,510.69,510.21,365296,-0.07050943063634518
2025-10-16 15:10:00,510.38,510.14,510.75,510.57,16332,0.04310767120603298
2025-10-16 15:09:00,510.18,510.18,510.45,510.35,17267,0.021558482282846292
2025-10-16 15:08:00,510.22,510.19,510.53,510.24,16703,-0.01763564752218505
2025-10-16 15:07:00,510.51,510.23,510.61,510.33,17021,-0.043090784448152064
2025-10-16 15:06:00,510.15,510.08,510.56,510.55,14516,0.08625590558899443
2025-10-16 15:05:00,510.35,510.08,510.5,510.11,20458,-0.033315042721637766
2025-10-16 15:04:00,510.22,510.11,510.49,510.28,12251,0.019600925163665295
2025-10-16 15:03:00,510.28,510.09,510.29,510.18,9600,0.005880623346077307
2025-10-16 15:02:00,510.57,510.09,510.57,510.15,11587,-0.08617481736814536
2025-10-16 15:01:00,510.38,510.33,510.78,510.59,21686,0.04506622776079272
2025-10-16 15:00:00,510.53,510.19,510.59,510.36,21086,-0.02350728725905027
2025-10-16 14:59:00,510.38,510.38,510.55,510.48,16928,0.02939274587032692
2025-10-16 14:58:00,510.42,510.33,510.46,510.33,7399,-0.005878203620979239
2025-10-16 14:57:00,510.36,510.2,510.36,510.36,15322,0.027439143898710938
2025-10-16 14:56:00,510.28,510.2,510.43,510.22,9667,-0.0039197240514265985
2025-10-16 14:55:00,510.34,510.17,510.49,510.24,17776,-0.01763564752218505
2025-10-16 14:54:00,510.18,510.1,510.33,510.33,10840,0.03724467793155828
2025-10-16 14:53:00,510.21,510.09,510.26,510.14,19923,-0.009800270487470009
2025-10-16 14:52:00,510.04,509.96,510.23,510.19,12238,0.02156524466749854
2025-10-16 14:51:00,509.91,509.64,510.08,510.08,7752,0.025492695362294704
2025-10-16 14:50:00,509.97,509.66,509.98,509.95,11041,0.015690273991397774
2025-10-16 14:49:00,510.13,509.81,510.19,509.87,12846,-0.05488581789668823
2025-10-16 14:48:00,510.17,510.0,510.18,510.15,14038,-0.048981191222574605
2025-10-16 14:47:00,510.23,510.18,510.52,510.4,11757,0.058811997647501
2025-10-16 14:46:00,510.29,510.1,510.35,510.1,10928,-0.0019603614906604783
2025-10-16 14:45:00,510.07,510.07,510.51,510.11,18137,0.011763552592891635
2025-10-16 14:44:00,510.05,509.79,510.26,510.05,21892,-0.009801999607916834
2025-10-16 14:43:00,509.55,509.45,510.1,510.1,19814,0.14528035181404775
2025-10-16 14:42:00,509.44,509.26,509.47,509.36,15925,0.0
2025-10-16 14:41:00,509.09,509.01,509.56,509.36,11214,0.049105301408336466
2025-10-16 14:40:00,509.3,509.0,509.3,509.11,11293,-0.039268814670823105
2025-10-16 14:39:00,509.3,509.13,509.44,509.31,27047,0.021602513747054353
2025-10-16 14:38:00,509.1,508.98,509.35,509.2,10818,0.03732736095558575
2025-10-16 14:37:00,509.21,508.9,509.25,509.01,18884,-0.02356961876142094
2025-10-16 14:36:00,509.02,508.94,509.16,509.13,14674,0.013750834872117146
2025-10-16 14:35:00,508.44,508.17,509.06,509.06,21081,0.13375821236083496
2025-10-16 14:34:00,508.55,508.18,508.55,508.38,16483,-0.03932517991269702
2025-10-16 14:33:00,508.71,508.56,508.79,508.58,12909,-0.025554834778163116
2025-10-16 14:32:00,508.67,508.51,508.75,508.71,25725,0.00589761736258243
2025-10-16 14:31:00,508.94,508.68,508.94,508.68,16750,-0.06679501787748565
2025-10-16 14:30:00,508.76,508.66,509.14,509.02,19597,0.05110464659170422
2025-10-16 14:29:00,508.51,508.51,508.93,508.76,13737,0.049163241627492305
2025-10-16 14:28:00,508.5,508.43,508.64,508.51,14645,-0.005899240964335473
2025-10-16 14:27:00,508.79,508.54,508.87,508.54,513552,-0.055029283440111154
2025-10-16 14:26:00,508.82,508.58,508.94,508.82,12716,0.001965370177470227
2025-10-16 14:25:00,509.16,508.75,509.39,508.81,29411,-0.06677796327211327
2025-10-16 14:24:00,509.36,508.92,509.47,509.15,14199,-0.04907734589713053
2025-10-16 14:23:00,509.21,509.17,509.48,509.4,21254,0.021598696224156555
2025-10-16 14:22:00,509.0,508.87,509.54,509.29,22373,0.06483810122603906
2025-10-16 14:21:00,508.59,508.33,508.99,508.96,18733,0.060945640420717595
2025-10-16 14:20:00,508.43,508.3,508.67,508.65,27473,0.04130280859098168
2025-10-16 14:19:00,509.0,508.41,509.07,508.44,22414,-0.12179310886732964
2025-10-16 14:18:00,508.9,508.85,509.14,509.06,29342,0.02947475978070102
2025-10-16 14:17:00,508.53,508.4,509.04,508.91,37622,0.05111569841738106
2025-10-16 14:16:00,508.47,508.11,508.65,508.65,29106,0.02949852507374562
2025-10-16 14:15:00,508.74,508.35,508.75,508.5,27967,-0.05306916681407925
2025-10-16 14:14:00,508.54,508.53,508.82,508.77,20118,0.033425088478167275
2025-10-16 14:13:00,508.52,508.32,508.64,508.6,20711,0.003932517991267481
2025-10-16 14:12:00,509.16,508.46,509.16,508.58,55457,-0.12175962293794473
2025-10-16 14:11:00,509.46,509.16,509.46,509.2,30359,-0.04514849930314924
2025-10-16 14:10:00,509.74,509.43,509.85,509.43,20619,-0.04512812463211002
2025-10-16 14:09:00,509.81,509.4,509.81,509.66,34997,-0.025500696365166053
2025-10-16 14:08:00,509.8,509.68,509.9,509.79,23484,0.007846983815595898
2025-10-16 14:07:00,510.04,509.75,510.05,509.75,29907,-0.05881776296441377
2025-10-16 14:06:00,510.2,510.05,510.24,510.05,17427,-0.03135963622821203
2025-10-16 14:05:00,510.43,510.0,510.64,510.21,31738,-0.03918418526284162
2025-10-16 14:04:00,510.76,510.38,510.76,510.41,26891,-0.05678480516936313
2025-10-16 14:03:00,510.81,510.62,510.81,510.7,10740,-0.03327656742420082
2025-10-16 14:02:00,510.89,510.83,510.99,510.87,6772,0.001957483459258391
2025-10-16 14:01:00,510.78,510.65,510.9,510.86,10274,0.015662320372777927
2025-10-16 14:00:00,510.99,510.66,511.07,510.78,15674,-0.05283240387438104
2025-10-16 13:59:00,511.03,510.9,511.05,511.05,6893,0.003913664559829222
2025-10-16 13:58:00,510.91,510.76,511.08,511.03,26157,0.03719364184480156
2025-10-16 13:57:00,511.14,510.84,511.14,510.84,13985,-0.04695938013618006
2025-10-16 13:56:00,511.06,511.0,511.17,511.08,15789,-0.011738466956212612
2025-10-16 13:55:00,510.86,510.86,511.33,511.14,24697,0.06460327714805647
2025-10-16 13:54:00,510.75,510.67,510.86,510.81,13740,0.0019577133907544564
2025-10-16 13:53:00,511.08,510.78,511.16,510.8,21529,-0.05674147410436037
2025-10-16 13:52:00,511.15,511.09,511.3,511.09,16137,-0.005869463139773767
2025-10-16 13:51:00,511.17,511.08,511.24,511.12,5445,0.013697289893355169
2025-10-16 13:50:00,511.38,511.04,511.38,511.05,14189,-0.06843957763003061
2025-10-16 13:49:00,511.33,511.2,511.49,511.4,9454,0.015645779550954586
2025-10-16 13:48:00,511.15,511.0,511.32,511.32,13060,0.02151757594726078
2025-10-16 13:47:00,510.87,510.7,511.37,511.21,16330,0.06067723624976207
2025-10-16 13:46:00,510.72,510.62,510.9,510.9,12727,0.06463364474997846
2025-10-16 13:45:00,511.11,510.53,511.11,510.57,22152,-0.09587915313270523
2025-10-16 13:44:00,510.96,510.82,511.22,511.06,12622,0.048941876627317527
2025-10-16 13:43:00,511.15,510.78,511.15,510.81,18018,-0.05282930265320118
2025-10-16 13:42:00,511.09,511.02,511.34,511.08,16762,0.013698362067282588
2025-10-16 13:41:00,511.15,510.86,511.2,511.01,29066,-0.017609078458236116
2025-10-16 13:40:00,511.21,511.0,511.26,511.1,20048,-0.02347326004460415
2025-10-16 13:39:00,511.84,511.22,511.96,511.22,20059,-0.12503418903606622
2025-10-16 13:38:00,511.7,511.57,511.86,511.86,10714,0.0351782363977593
2025-10-16 13:37:00,511.68,511.62,511.84,511.68,4841,0.003908845717859322
2025-10-16 13:36:00,511.44,511.43,511.66,511.66,9541,0.027369408820776542
2025-10-16 13:35:00,511.26,511.14,511.59,511.52,13728,0.05085475100732317
2025-10-16 13:34:00,511.51,511.26,511.56,511.26,10968,-0.07231788597228395
2025-10-16 13:33:00,511.69,511.46,511.76,511.63,9125,-0.007817538647958422
2025-10-16 13:32:00,511.49,511.24,511.73,511.67,17043,0.019547666985952894
2025-10-16 13:31:00,512.07,511.44,512.1,511.57,24320,-0.07617782639268711
2025-10-16 13:30:00,511.63,511.58,512.12,511.96,24480,0.07036747458950554
2025-10-16 13:29:00,511.58,511.45,511.69,511.6,10919,0.0039094569764364095
2025-10-16 13:28:00,511.58,511.37,511.69,511.58,13538,0.011729746637478833
2025-10-16 13:27:00,511.49,511.21,511.59,511.52,22562,0.0371579997262117
2025-10-16 13:26:00,511.35,511.16,511.4,511.33,11150,-0.001955645949858198
2025-10-16 13:25:00,511.49,511.25,511.58,511.34,13114,-0.001955607705106388
2025-10-16 13:24:00,511.15,511.05,511.61,511.35,21457,0.03325638718258972
2025-10-16 13:23:00,511.39,511.16,511.45,511.18,15379,-0.06451486774451398
2025-10-16 13:22:00,511.8,511.5,511.88,511.51,10090,-0.04494469847969862
2025-10-16 13:21:00,512.5,511.65,512.5,511.74,57175,-0.13660135820779962
2025-10-16 13:20:00,512.6,512.33,512.73,512.44,19335,-0.05461070369792154
2025-10-16 13:19:00,512.91,512.58,513.15,512.72,25734,-0.02729789806185101
2025-10-16 13:18:00,512.44,512.44,513.11,512.86,18158,0.06438647493804961
2025-10-16 13:17:00,512.34,512.2,512.69,512.53,13118,0.03513223382451969
2025-10-16 13:16:00,512.11,512.11,512.35,512.35,16551,0.0800875102551224
2025-10-16 13:15:00,511.95,511.84,512.13,511.94,10359,-0.015624389672275196
2025-10-16 13:14:00,512.2,512.0,512.28,512.02,12603,-0.021478921367623638
2025-10-16 13:13:00,512.24,512.13,512.51,512.13,21219,-0.021474308917701634
2025-10-16 13:12:00,512.39,512.12,512.63,512.24,31779,-0.009760096820154995
2025-10-16 13:11:00,511.77,511.76,512.36,512.29,16334,0.0879180994060702
2025-10-16 13:10:00,511.84,511.59,511.89,511.84,10844,-0.009767723534359618
2025-10-16 13:09:00,511.9,511.68,512.28,511.89,17492,-0.056620719278366316
2025-10-16 13:08:00,511.87,511.68,512.19,512.18,25064,0.0722924522772006
2025-10-16 13:07:00,511.22,511.22,512.16,511.81,16241,0.13891606339266893
2025-10-16 13:06:00,511.39,511.09,511.53,511.1,20790,-0.09382696743421848
2025-10-16 13:05:00,511.68,511.36,511.77,511.58,16842,0.00195476669859751
2025-10-16 13:04:00,511.71,511.57,511.96,511.57,15595,-0.02149781113196525
2025-10-16 13:03:00,512.11,511.68,512.11,511.68,14662,-0.08591736311801546
2025-10-16 13:02:00,512.49,511.99,512.5,512.12,17077,-0.0624463351807103
2025-10-16 13:01:00,512.62,512.41,512.69,512.44,42516,-0.07215147910529796
2025-10-16 13:00:00,513.01,512.7,513.23,512.81,15035,-0.0389855948227269
2025-10-16 12:59:00,512.92,512.88,513.17,513.01,19841,0.01754659596038266
2025-10-16 12:58:00,512.8,512.76,513.11,512.92,18843,0.040958826627113254
2025-10-16 12:57:00,512.71,512.61,512.75,512.71,31648,0.021459227467812703
2025-10-16 12:56:00,512.51,512.35,512.72,512.6,26524,0.019512195121951237
2025-10-16 12:55:00,512.0,511.97,512.5,512.5,21579,0.10547699038987446
2025-10-16 12:54:00,512.0,511.67,512.0,511.96,14690,0.005860176195948696
2025-10-16 12:53:00,511.71,511.63,511.93,511.93,13294,0.07232778168739795
2025-10-16 12:52:00,511.64,511.56,511.84,511.56,16334,-0.0234521575985025
2025-10-16 12:51:00,512.14,511.63,512.28,511.68,20175,-0.0995724242956797
2025-10-16 12:50:00,511.5,511.49,512.19,512.19,25991,0.11532447224393838
2025-10-16 12:49:00,510.86,510.86,511.6,511.6,33736,0.13897316447768482
2025-10-16 12:48:00,510.84,510.7,511.05,510.89,15434,0.04308065874243372
2025-10-16 12:47:00,510.3,510.28,510.99,510.67,35684,0.098006546837337
2025-10-16 12:46:00,510.42,509.99,510.58,510.17,7120,-0.03918725630425168
2025-10-16 12:45:00,510.84,510.37,510.84,510.37,22318,-0.09787225712999392
2025-10-16 12:44:00,511.14,510.81,511.15,510.87,21773,-0.027396724134554074
2025-10-16 12:43:00,511.14,511.01,511.23,511.01,21563,-0.027389220385398705
2025-10-16 12:42:00,511.43,511.0,511.5,511.15,32520,-0.0469309137840046
2025-10-16 12:41:00,510.76,510.76,511.52,511.39,39619,0.12922679302174167
2025-10-16 12:40:00,511.02,510.5,511.04,510.73,35243,-0.06457167455875545
2025-10-16 12:39:00,511.14,510.95,511.31,511.06,18583,-0.02934214901898491
2025-10-16 12:38:00,510.7,510.63,511.25,511.21,14690,0.06263579244063511
2025-10-16 12:37:00,511.2,510.77,511.37,510.89,21940,-0.06846099679211903
2025-10-16 12:36:00,511.12,511.0,511.44,511.24,21145,0.019564111593695088
2025-10-16 12:35:00,510.76,510.74,511.57,511.14,36730,0.09791634027886964
2025-10-16 12:34:00,511.06,510.46,511.06,510.64,18063,-0.09586602234264996
2025-10-16 12:33:00,510.46,510.44,511.28,511.13,36392,0.13910113240076516
2025-10-16 12:32:00,511.42,510.37,511.42,510.42,42148,-0.20138820999119345
2025-10-16 12:31:00,511.49,511.33,511.66,511.45,19293,-0.003910297769182947
2025-10-16 12:30:00,512.29,511.0,512.33,511.47,84071,-0.15616764596794175
2025-10-16 12:29:00,512.43,512.2,512.46,512.27,16129,-0.035125378085676395
2025-10-16 12:28:00,512.43,512.4,512.56,512.45,14574,0.011709830402639732
2025-10-16 12:27:00,512.49,512.39,512.64,512.39,11852,-0.015610669892884843
2025-10-16 12:26:00,512.86,512.36,512.94,512.47,26597,-0.07604414460086195
2025-10-16 12:25:00,513.54,512.86,513.55,512.86,12789,-0.11490894926478035
2025-10-16 12:24:00,513.32,513.3,513.51,513.45,9478,0.02532533312553653
2025-10-16 12:23:00,513.22,513.22,513.58,513.32,32181,0.01363857769118848
2025-10-16 12:22:00,513.4,513.22,513.4,513.25,7805,-0.029216984807167723
2025-10-16 12:21:00,513.28,513.17,513.59,513.4,21360,0.04676903889624384
2025-10-16 12:20:00,512.99,512.67,513.19,513.16,47510,0.054593667134605894
2025-10-16 12:19:00,513.12,512.8,513.12,512.88,21102,-0.03898027598036036
2025-10-16 12:18:00,513.35,513.08,513.35,513.08,18777,-0.04285992596919641
2025-10-16 12:17:00,513.31,513.16,513.39,513.3,18470,0.0019482164078876707
2025-10-16 12:16:00,513.68,513.29,513.68,513.29,12648,-0.07786797484866659
2025-10-16 12:15:00,513.63,513.58,513.88,513.69,14523,0.007787403874237597
2025-10-16 12:14:00,513.61,513.44,513.65,513.65,13283,0.031159321505769277
2025-10-16 12:13:00,513.73,513.49,513.73,513.49,14637,-0.0506082725060808
2025-10-16 12:12:00,513.74,513.69,513.88,513.75,15902,0.04478890792958268
2025-10-16 12:11:00,513.73,513.36,513.73,513.52,20880,-0.050605317451046794
2025-10-16 12:10:00,513.65,513.62,513.81,513.78,14489,0.019467372683390494
2025-10-16 12:09:00,513.74,513.67,513.79,513.68,8906,0.0
2025-10-16 12:08:00,513.87,513.68,514.02,513.68,11615,-0.054478947778058284
2025-10-16 12:07:00,514.09,513.69,514.09,513.96,17616,-0.03889839738601131
2025-10-16 12:06:00,513.87,513.74,514.2,514.16,17537,0.04669987546699339
2025-10-16 12:05:00,513.99,513.82,514.17,513.92,19352,-0.0058371436910342744
2025-10-16 12:04:00,513.63,513.49,513.95,513.95,14587,0.062301656834695684
2025-10-16 12:03:00,513.62,513.62,513.84,513.63,8775,-0.0038937019371076964
2025-10-16 12:02:00,513.83,513.5,513.95,513.65,10590,-0.023356754968173465
2025-10-16 12:01:00,513.65,513.5,513.86,513.77,18871,0.009732928443506594
2025-10-16 12:00:00,513.73,513.3,513.82,513.72,25411,0.005840098113640835
2025-10-16 11:59:00,513.47,513.46,513.85,513.69,21660,0.0506398145803999
2025-10-16 11:58:00,513.54,513.4,513.76,513.43,22000,-0.0214199478132171
2025-10-16 11:57:00,513.75,513.4,513.75,513.54,22157,-0.02141536065414229
2025-10-16 11:56:00,514.17,513.65,514.27,513.65,15002,-0.10307674355283236
2025-10-16 11:55:00,514.21,514.0,514.29,514.18,11997,0.009725166786611616
2025-10-16 11:54:00,514.18,514.09,514.25,514.13,8386,-0.009724221089879581
2025-10-16 11:53:00,514.37,514.08,514.42,514.18,16472,-0.023332685203192316
2025-10-16 11:52:00,514.3,514.25,514.49,514.3,11137,-0.001944352627791801
2025-10-16 11:51:00,514.22,513.95,514.5,514.31,23014,0.05641803820861657
2025-10-16 11:50:00,513.75,513.75,514.3,514.02,20844,0.048659906183701196
2025-10-16 11:49:00,513.82,513.56,513.82,513.77,15942,-0.03502286214613903
2025-10-16 11:48:00,513.79,513.6,514.0,513.95,18305,0.02140744200529454
2025-10-16 11:47:00,513.67,513.67,514.0,513.84,30853,0.046728971962628485
2025-10-16 11:46:00,513.82,513.6,513.91,513.6,13648,-0.025305121367258376
2025-10-16 11:45:00,514.02,513.71,514.06,513.73,19992,-0.07002664903033029
2025-10-16 11:44:00,514.14,514.03,514.25,514.09,15475,-0.001945146858584046
2025-10-16 11:43:00,513.54,513.54,514.16,514.1,12724,0.10319917440659854
2025-10-16 11:42:00,513.7,513.5,513.81,513.57,15792,-0.048655171071576575
2025-10-16 11:41:00,514.02,513.58,514.02,513.82,53500,-0.033074573435276644
2025-10-16 11:40:00,514.61,513.93,514.61,513.99,14112,-0.11465661316025777
2025-10-16 11:39:00,514.78,514.51,514.83,514.58,7465,-0.03496775196206725
2025-10-16 11:38:00,514.98,514.76,515.0,514.76,15195,-0.03883796799751815
2025-10-16 11:37:00,514.75,514.67,514.97,514.96,18630,0.04468362053893227
2025-10-16 11:36:00,514.51,514.42,514.74,514.73,15866,0.05831697218281473
2025-10-16 11:35:00,514.71,514.43,514.71,514.43,9749,-0.050515844488940864
2025-10-16 11:34:00,514.43,514.43,514.73,514.69,12965,0.04470707149244468
2025-10-16 11:33:00,514.34,514.08,514.46,514.46,17636,0.052509772652120645
2025-10-16 11:32:00,513.93,513.88,514.3,514.19,11681,0.04669714952816317
2025-10-16 11:31:00,513.82,513.76,514.12,513.95,12822,0.025300688957230477
2025-10-16 11:30:00,514.27,513.82,514.29,513.82,26178,-0.11081086335269497
2025-10-16 11:29:00,514.52,514.24,514.55,514.39,29445,-0.0388658932353958
2025-10-16 11:28:00,514.62,514.16,514.66,514.59,36556,-0.005829544129642983
2025-10-16 11:27:00,514.82,514.55,514.93,514.62,19534,-0.04467320578809275
2025-10-16 11:26:00,515.2,514.85,515.2,514.85,16818,-0.07375346932437798
2025-10-16 11:25:00,515.4,515.22,515.4,515.23,27932,-0.04462033911457608
2025-10-16 11:24:00,515.53,515.43,515.64,515.46,22704,-0.034908075401429706
2025-10-16 11:23:00,516.15,515.58,516.17,515.64,38512,-0.08913001356326555
2025-10-16 11:22:00,516.04,516.04,516.3,516.1,15897,0.011627005658487732
2025-10-16 11:21:00,516.12,516.02,516.15,516.04,14778,-0.005813164880752453
2025-10-16 11:20:00,515.96,515.96,516.15,516.07,13412,0.02519672830174624
2025-10-16 11:19:00,515.78,515.72,516.0,515.94,17627,0.040718980862086696
2025-10-16 11:18:00,515.6,515.58,515.76,515.73,11561,0.027153358288556362
2025-10-16 11:17:00,515.5,515.34,515.6,515.59,10129,0.015518612636045148
2025-10-16 11:16:00,515.56,515.39,515.7,515.51,15555,-0.0174553917765774
2025-10-16 11:15:00,515.89,515.6,515.92,515.6,23689,-0.06589913555840043
2025-10-16 11:14:00,515.89,515.87,516.02,515.94,30224,-0.0019381723035172271
2025-10-16 11:13:00,515.85,515.82,515.99,515.95,13915,0.005814855016295084
2025-10-16 11:12:00,515.85,515.82,515.99,515.92,15912,0.00969236435535148
2025-10-16 11:11:00,515.53,515.45,515.97,515.87,17496,0.07565763948165216
2025-10-16 11:10:00,515.47,515.35,515.5,515.48,17755,0.005820157144231786
2025-10-16 11:09:00,515.29,515.13,515.45,515.45,20274,0.0368745875868548
2025-10-16 11:08:00,514.93,514.93,515.26,515.26,15542,0.0738036047234214
2025-10-16 11:07:00,514.89,514.79,515.0,514.88,13638,0.01359724947069818
2025-10-16 11:06:00,514.56,514.5,514.96,514.81,30023,0.05247405449526621
2025-10-16 11:05:00,515.04,514.54,515.2,514.54,26806,-0.09514008892685943
2025-10-16 11:04:00,515.01,514.76,515.04,515.03,15391,-0.0019415967691838176
2025-10-16 11:03:00,514.87,514.87,515.3,515.04,20752,0.04662004662003838
2025-10-16 11:02:00,514.78,514.74,514.9,514.8,13676,0.0
2025-10-16 11:01:00,514.89,514.8,515.01,514.8,15029,-0.015537600994419698
2025-10-16 11:00:00,515.0,514.79,515.0,514.88,17075,-0.023300970873785243
2025-10-16 10:59:00,514.99,514.83,515.07,515.0,16757,-0.011649128256896457
2025-10-16 10:58:00,514.85,514.79,515.08,515.06,15488,0.04078857919780354
2025-10-16 10:57:00,515.05,514.79,515.18,514.85,36399,-0.0446532577463743
2025-10-16 10:56:00,515.61,514.92,515.61,515.08,20682,-0.11054009502567963
2025-10-16 10:55:00,515.68,515.51,515.72,515.65,19035,0.001939337522305351
2025-10-16 10:54:00,515.58,515.39,515.67,515.64,17518,0.015517107611140446
2025-10-16 10:53:00,515.68,515.5,515.68,515.56,18415,-0.009697251798856943
2025-10-16 10:52:00,515.83,515.47,515.83,515.61,17895,-0.05040029464787876
2025-10-16 10:51:00,515.6,515.6,515.9,515.87,18329,0.031025188574962392
2025-10-16 10:50:00,516.09,515.6,516.09,515.71,22035,-0.06782157113511822
2025-10-16 10:49:00,515.96,515.83,516.12,516.06,21413,0.0038756685528218426
2025-10-16 10:48:00,515.81,515.75,516.04,516.04,16691,0.03489318807428088
2025-10-16 10:47:00,516.04,515.8,516.16,515.86,18844,-0.019381347391278503
2025-10-16 10:46:00,516.57,515.92,516.57,515.96,33223,-0.12195358020867797
2025-10-16 10:45:00,516.6,516.55,516.72,516.59,23350,-0.009677918860317991
2025-10-16 10:44:00,516.77,516.6,516.84,516.64,28296,-0.011612154054585488
2025-10-16 10:43:00,516.48,516.48,516.7,516.7,25053,0.04259603469640716
2025-10-16 10:42:00,515.9,515.9,516.48,516.48,42416,0.11824684513539463
2025-10-16 10:41:00,515.46,515.46,515.9,515.87,24660,0.08342387086759384
2025-10-16 10:40:00,515.51,515.33,515.63,515.44,12279,-0.01163918525701746
2025-10-16 10:39:00,515.6,515.43,515.61,515.5,18434,-0.015516505682933168
2025-10-16 10:38:00,515.54,515.54,515.76,515.58,27075,0.01939939473889485
2025-10-16 10:37:00,515.25,515.11,515.57,515.48,20728,0.023284694194347644
2025-10-16 10:36:00,515.17,515.12,515.41,515.36,14670,0.02523145003201499
2025-10-16 10:35:00,515.31,514.98,515.31,515.23,23608,-0.03492365301409617
2025-10-16 10:34:00,515.27,515.17,515.51,515.41,20810,0.04076086956519287
2025-10-16 10:33:00,515.1,515.06,515.39,515.2,18705,0.019413706076498727
2025-10-16 10:32:00,515.13,514.96,515.15,515.1,15521,0.0
2025-10-16 10:31:00,514.83,514.76,515.1,515.1,18017,0.036899652366439994
2025-10-16 10:30:00,514.93,514.82,515.09,514.91,18969,-0.0019420492503696707
2025-10-16 10:29:00,514.51,514.43,514.92,514.92,16721,0.07968746963129547
2025-10-16 10:28:00,514.75,514.4,514.77,514.51,18522,-0.0524495901161659
2025-10-16 10:27:00,514.1,514.1,514.79,514.78,20648,0.12253233492172111
2025-10-16 10:26:00,514.92,514.05,515.0,514.15,24990,-0.16698704879517523
2025-10-16 10:25:00,514.9,514.68,515.01,515.01,29372,0.040792540792544685
2025-10-16 10:24:00,515.25,514.8,515.3,514.8,22630,-0.07570022710070567
2025-10-16 10:23:00,515.27,515.12,515.45,515.19,44969,-0.025227043390518844
2025-10-16 10:22:00,515.24,514.93,515.46,515.32,42491,0.017467926945258228
2025-10-16 10:21:00,515.04,515.03,515.26,515.23,24530,0.03883268935791495
2025-10-16 10:20:00,514.59,514.56,515.03,515.03,23682,0.06800341960053746
2025-10-16 10:19:00,514.61,514.27,514.78,514.68,23486,0.019433324264439555
2025-10-16 10:18:00,514.25,514.2,514.6,514.58,16346,0.07584744938640142
2025-10-16 10:17:00,514.28,514.12,514.4,514.19,21523,-0.031107222708270932
2025-10-16 10:16:00,514.2,514.09,514.47,514.35,26064,0.02528100812881906
2025-10-16 10:15:00,513.63,513.49,514.22,514.22,21020,0.10902153175254004
2025-10-16 10:14:00,513.22,513.22,513.73,513.66,12630,0.09548492702222688
2025-10-16 10:13:00,513.23,513.03,513.48,513.17,32652,-0.001948634007553629
2025-10-16 10:12:00,513.71,513.0,513.71,513.18,41307,-0.08955688809283435
2025-10-16 10:11:00,514.02,513.55,514.02,513.64,22344,-0.06226165460347932
2025-10-16 10:10:00,514.04,513.93,514.16,513.96,16515,0.0038915048449217338
2025-10-16 10:09:00,514.43,513.8,514.43,513.94,31677,-0.09136680857679824
2025-10-16 10:08:00,514.27,514.14,514.48,514.41,32951,0.0
2025-10-16 10:07:00,514.24,514.12,514.5,514.41,27646,0.03889461504054115
2025-10-16 10:06:00,514.34,514.09,514.42,514.21,24469,-0.009722708357629006
2025-10-16 10:05:00,513.84,513.66,514.26,514.26,21946,0.0856331010859801
2025-10-16 10:04:00,513.61,513.48,513.87,513.82,39703,0.04283489096574833
2025-10-16 10:03:00,513.81,513.6,513.96,513.6,28350,-0.03892565200466214
2025-10-16 10:02:00,514.11,513.79,514.11,513.8,35884,-0.05446623093683378
2025-10-16 10:01:00,513.78,513.34,514.1,514.08,36629,0.054495912806551416
2025-10-16 10:00:00,514.39,513.79,514.74,513.8,44068,-0.11275710564174757
2025-10-16 09:59:00,514.67,514.25,514.7,514.38,39346,-0.0699382212379085
2025-10-16 09:58:00,514.77,514.42,514.8,514.74,18661,0.005828524800377544
2025-10-16 09:57:00,514.5,514.39,514.82,514.71,34645,0.015545148941975562
2025-10-16 09:56:00,514.62,514.58,514.84,514.63,27260,-0.001943105860402472
2025-10-16 09:55:00,514.49,514.44,514.64,514.64,17003,0.038877225721156705
2025-10-16 09:54:00,514.37,514.37,514.75,514.44,25677,0.013608880766780018
2025-10-16 09:53:00,514.46,514.06,514.46,514.37,20262,-0.007775898602280229
2025-10-16 09:52:00,514.21,514.11,514.5,514.41,22148,0.05251487921578146
2025-10-16 09:51:00,514.47,513.87,514.47,514.14,33081,-0.046658112679343056
2025-10-16 09:50:00,514.12,513.59,514.38,514.38,36497,0.06030307156612569
2025-10-16 09:49:00,514.22,513.97,514.36,514.07,35876,-0.011670200143920617
2025-10-16 09:48:00,514.03,514.0,514.61,514.13,22827,0.021399945527411646
2025-10-16 09:47:00,514.93,513.99,515.04,514.02,32192,-0.17478443253320375
2025-10-16 09:46:00,515.37,514.69,515.59,514.92,57700,-0.07374345041722963
2025-10-16 09:45:00,513.96,513.92,515.3,515.3,64475,0.27632910407098255
2025-10-16 09:44:00,513.66,513.59,514.09,513.88,53903,0.04088227850567172
2025-10-16 09:43:00,513.02,513.02,513.68,513.67,21752,0.12670071342246736
2025-10-16 09:42:00,513.18,512.98,513.65,513.02,33588,-0.04481246955675422
2025-10-16 09:41:00,513.38,513.18,513.5,513.25,31921,-0.013636717836840173
2025-10-16 09:40:00,513.6,513.23,513.76,513.32,40241,-0.0428398956264231
2025-10-16 09:39:00,513.22,513.08,513.77,513.54,52985,0.060401769187290455
2025-10-16 09:38:00,513.67,513.23,513.83,513.23,49536,-0.08176774067943926
2025-10-16 09:37:00,513.02,513.02,513.81,513.65,64396,0.13060938048266024
2025-10-16 09:36:00,511.98,511.83,513.19,512.98,67836,0.18162288838980967
2025-10-16 09:35:00,512.12,511.68,512.4,512.05,51038,-0.017573319795372022
2025-10-16 09:34:00,512.67,512.02,512.72,512.14,39194,-0.07024390243902667
2025-10-16 09:33:00,512.38,512.31,512.95,512.5,91838,-0.005853315903459055
2025-10-16 09:32:00,513.71,512.35,513.72,512.53,4689,-0.23358573569774999
2025-10-16 09:31:00,513.3,512.91,514.24,513.73,261026,0.09157152320462547
2025-10-16 09:30:00,512.84,511.67,513.6,513.26,612506,0.0
